40960
155650
73730
188420
227330
16390
221190
90120
223240
10
32780
227340
24590
188430
221200
223250
155670
227350
65560
106520
221210
223260
30
225310
155680
196640
188450
65570
221220
227360
223270
225320
32810
227370
221230
71730
225330
53300
227380
127030
159800
221240
59450
227390
104510
75840
221250
223300
70
225350
135240
53320
227400
221260
223310
122960
227410
188500
65620
221270
98390
223320
225370
125020
221280
223330
225380
24680
188520
221290
223340
92270
225390
125040
106610
221300
8310
172150
59510
223350
155770
86140
141440
223360
174210
215170
225410
127110
159880
51340
184460
206990
215180
92300
225420
149650
26770
221330
163990
75930
223390
24740
221350
223400
110760
143530
34990
106670
221360
225460
2230
190650
200890
161980
71870
225470
225480
221390
223440
225490
221400
8410
172250
223450
225500
100570
116960
127200
221410
223460
225510
225520
182520
174330
225530
207100
116990
149760
223490
225540
76040
223500
225550
119060
225560
53530
217370
86300
127260
149790
160030
290
61730
205090
6440
221480
223530
194860
22830
188720
221490
205110
225590
74040
24890
57660
221500
225600
74050
24900
57670
221510
90440
223560
330
143690
12620
55630
221520
82260
225620
2390
160090
221530
61790
221540
223590
156010
188780
221550
131440
24950
106870
221580
223630
225680
221590
223640
225690
223650
225700
74150
221610
8620
225710
29110
49590
111030
74170
27070
223680
225730
123330
223690
184780
225740
223700
100820
223710
100830
133600
10720
223720
31210
195050
156140
225770
66030
76270
150000
221680
223730
123370
195060
225780
197110
123380
188920
137720
57850
76280
221690
223740
164350
510
170500
221700
223750
92680
33290
66060
27150
221710
223760
76310
221720
223770
100890
186910
217630
158240
27170
221730
223780
195110
225830
223790
215600
225840
207410
158260
117300
223800
225850
217660
221760
223810
31300
184900
53830
217670
225860
221770
223820
21070
225870
64080
94800
102990
221780
59990
223830
10840
41560
156250
64090
74330
86620
57950
225880
223840
221800
223850
221810
90740
223860
630
221820
60030
223870
225920
223880
107150
41620
225940
221850
223900
225950
2720
156320
58020
223910
156330
223920
223930
225980
221890
213700
223940
710
21190
225990
223950
221910
60120
223960
226010
13020
207580
217820
152290
223970
226020
217830
127720
221930
223980
226030
33520
221940
223990
226040
135930
176890
150270
29440
60160
224000
92930
156420
226050
201480
144140
226060
207630
60180
144150
226070
33560
176920
197400
150300
226080
176930
56100
224040
185130
226090
4910
140080
222000
101170
226100
209720
99130
129850
162620
39740
154430
195390
64320
72510
219970
226110
58180
88900
222020
224070
154440
226120
146250
84810
125770
142160
29520
224080
226130
222040
9050
224090
88930
224100
23400
25450
189290
220010
222060
172910
224110
74610
220020
27510
123770
187260
25470
220030
146310
156550
15240
25480
58250
220040
222090
105350
220050
58260
224150
72600
226200
25500
224160
226210
222120
224170
226220
33710
84910
220080
222130
226230
156600
207800
222140
224190
134080
226240
166850
220100
27590
222150
134090
226250
220110
150480
58320
222160
220130
224230
93160
27630
222190
183280
224240
222200
173050
224250
84990
222210
224260
13320
222220
224270
226320
123920
220180
222230
224280
52250
185370
207900
226330
209950
87070
7200
191520
142370
220190
222240
226340
222250
91180
224300
226350
222260
224310
52280
226360
95290
105530
138300
220220
7230
222270
224320
97340
123960
220230
222280
9290
224330
220240
222290
224340
220250
37980
222300
224350
226400
136290
46180
220260
78950
212070
222310
128100
226410
103530
220270
222320
162930
224370
226420
105590
5240
210040
220280
222330
121980
154750
226430
187520
220290
160900
222340
226440
222350
109710
224400
144530
226450
54420
222360
224410
226460
222370
224420
224430
76980
220340
222390
224440
220350
222400
224450
226500
222410
224460
226510
210130
222420
224470
226520
124120
156890
189660
220380
27870
38110
224480
62690
226530
224490
64750
74990
220400
224500
226550
158970
220410
27900
99580
142590
204030
224510
93440
226560
158980
220420
27910
222470
224520
226570
220430
224530
226580
208150
199960
220440
27930
224540
93470
226590
44320
208160
191780
222500
226600
189740
181550
222510
1330
226610
222520
224570
226620
126270
36160
189760
220480
128320
224580
111940
93510
226630
222540
152910
224590
185680
93520
226640
200020
27990
60760
224600
185690
226650
54620
103770
220510
224610
226660
220520
222570
224620
226670
220530
128370
224630
226680
54650
95610
87420
220540
202110
224640
226690
220550
224650
226700
220560
222610
40340
224660
155030
73110
157080
198040
220570
226710
222620
97690
9630
163230
40350
224670
226720
124320
220580
130460
222630
130470
224680
155050
226730
159150
220590
222640
224690
226740
23990
220600
226750
220610
226760
220620
220630
9690
163290
165340
220640
58850
222690
224740
220650
222700
81390
224750
220660
224760
196090
220670
161280
222720
30210
226820
220680
161290
224780
226830
220690
7700
226840
5660
220700
222750
204320
224800
63010
226850
220710
222760
224810
226860
179760
220720
222770
30260
224820
226870
220730
222780
224830
226880
220740
192070
222790
81480
224840
226890
101960
167500
56910
220750
222800
99920
224850
122450
185940
93780
226900
126550
56920
190040
220760
89690
132700
30300
1630
222810
224860
226910
220770
222820
224870
226920
126570
220780
222830
224880
226930
26230
220790
222840
224890
122490
226940
220800
151170
20100
224900
52870
226950
220810
194190
224910
220820
224920
1690
196250
220830
59040
222880
91810
224930
128680
224940
222900
194230
224950
73400
34490
220860
97980
181950
222910
224960
130750
186050
227010
220870
222920
224970
122570
206540
227020
220880
222930
224980
227030
220890
18140
181980
89820
222940
224990
157410
188130
149220
220900
89830
222950
225000
155370
106220
220910
59120
212720
163570
81650
222960
225010
227060
104180
220920
222970
220930
222980
227080
220940
222990
40720
26390
161560
223000
225050
155420
227100
114460
220960
223010
225060
220970
223020
225070
139060
210740
220980
225080
22330
225090
225100
227150
221010
225110
180060
200540
221020
221030
225130
135020
227180
85870
192370
204660
225140
32630
122740
221050
171900
89980
184190
223100
227200
34690
57220
221060
223110
227210
26510
190350
59280
223120
225170
227220
55190
221080
223130
225180
26530
221090
223140
227240
221100
223150
227250
221110
118710
223160
225210
53180
208830
85950
151490
90050
223170
225220
227270
192460
223180
61390
225230
176080
53200
227280
110540
221140
126930
223190
225240
227290
225250
227300
221160
192490
227310
221170
223220
227320
221180
223230
